1.24885 0.222222 0
1.19453 0.111111 0.333333
1.55954 0.333333 0.555556
1.63044 0.333333 0.777778
2.22545 0.666667 0.666667
1.52526 0.333333 0.444444
1.36488 0.222222 0.444444
1.14261 0.111111 0.111111
1.45898 0.333333 0.222222
1.22137 0.111111 0.444444
1.30558 0.111111 0.777778
1.2214 0 1
1.45899 0.222222 0.777778
1.27688 0.111111 0.666667
1.42691 0.222222 0.666667
2.08196 0.555556 0.888889
1.7046 0.333333 1
2.65854 0.777778 1
2.54291 0.777778 0.777778
2.17653 0.666667 0.555556
2.60007 0.888889 0.333333
1.82204 0.555556 0.222222
1.59463 0.444444 0.111111
2.48706 0.888889 0.111111
2.77936 1 0.111111
1 0 0
1.04545 0 0.222222
1.02247 0 0.111111
1.11752 0.111111 0
1.39561 0.333333 0
1.74291 0.555556 0
1.55962 0.444444 0
1.42694 0.333333 0.111111
1.27688 0.222222 0.111111
1.66705 0.444444 0.333333
1.90482 0.555556 0.444444
1.70451 0.444444 0.444444
1.63043 0.444444 0.222222
1.33488 0.222222 0.333333
1.49175 0.333333 0.333333
1.30556 0.222222 0.222222
1.16828 0.111111 0.222222
1.06894 0 0.333333
1.14263 0 0.666667
1.09296 0 0.444444
1.24881 0.111111 0.555556
1.11752 0 0.555556
1.16831 0 0.777778
1.19456 0 0.888889
1.36494 0.111111 1
1.33493 0.111111 0.888889
1.49179 0.222222 0.888889
1.6671 0.333333 0.888889
1.52535 0.222222 1
1.90493 0.444444 1
1.86302 0.444444 0.888889
1.82204 0.444444 0.777778
1.78198 0.444444 0.666667
1.59459 0.333333 0.666667
1.39555 0.222222 0.555556
1.74281 0.444444 0.555556
1.94763 0.555556 0.555556
2.03617 0.555556 0.777778
2.487 0.777778 0.666667
1.9914 0.555556 0.666667
2.43234 0.777778 0.555556
2.32664 0.666667 0.888889
2.12879 0.555556 1
2.37897 0.666667 1
2.60007 0.777778 0.888889
2.27547 0.666667 0.777778
2.84178 0.888889 0.777778
2.97097 0.888889 1
3.32012 1 1
2.90565 0.888889 0.888889
3.24715 1 0.888889
3.17579 1 0.777778
3.10599 1 0.666667
2.77931 0.888889 0.666667
2.71823 0.888889 0.555556
3.03773 1 0.555556
2.90568 1 0.333333
2.97097 1 0.444444
2.54293 0.888889 0.222222
2.65849 0.888889 0.444444
2.37888 0.777778 0.444444
2.12869 0.666667 0.444444
1.86297 0.555556 0.333333
2.08192 0.666667 0.333333
2.32661 0.777778 0.333333
2.27549 0.777778 0.222222
2.03618 0.666667 0.222222
1.78203 0.555556 0.111111
1.99146 0.666667 0.111111
1.94773 0.666667 0
2.17663 0.777778 0
2.2255 0.777778 0.111111
2.84182 1 0.222222
2.43243 0.888889 0
2.71828 1 0
